25/02/11	851	567	240	344	123	358	177	124
26/02/11	511	306	153	197	79	190	47	68
27/02/11	414	241	111	161	46	161	45	69
28/02/11	1044	589	260	435	163	398	142	196
01/03/11	946	613	266	412	154	359	142	157
02/03/11	819	552	207	371	150	379	139	155
03/03/11	795	541	199	372	139	326	90	124
04/03/11	712	481	166	249	143	274	74	93
05/03/11	348	257	97	168	42	134	59	37
06/03/11	312	192	80	128	48	98	24	41
07/03/11	495	270	124	204	94	230	58	32
08/03/11	434	244	88	165	38	110	37	19
09/03/11	625	388	146	250	104	229	96	111
10/03/11	755	503	193	313	89	261	92	114
11/03/11	765	532	183	343	131	278	114	101
12/03/11	577	299	114	274	58	182	57	70
13/03/11	297	192	68	125	34	91	31	39
14/03/11	591	377	157	260	93	265	66	100
15/03/11	1281	966	351	487	251	640	171	197
16/03/11	1218	998	435	489	199	554	204	187
17/03/11	1238	837	304	521	217	530	176	218
18/03/11	1341	987	524	577	227	629	178	193
19/03/11	740	492	197	340	99	307	113	87
20/03/11	567	381	156	224	54	209	103	54
21/03/11	1504	1248	524	629	251	684	206	281
22/03/11	1571	1082	485	566	363	617	227	220
23/03/11	1377	942	455	788	236	754	334	239
24/03/11	1431	968	399	576	249	717	247	221
25/03/11	1359	1015	416	556	225	538	271	218
26/03/11	909	635	216	389	156	384	164	94
27/03/11	624	390	164	272	80	280	110	79
28/03/11	1539	1060	508	710	395	686	197	258
29/03/11	1395	910	434	571	229	591	198	189
30/03/11	1426	951	382	529	330	609	222	245
31/03/11	1219	868	373	542	214	531	190	153
01/04/11	1180	914	449	423	230	528	294	177
02/04/11	799	507	206	273	100	262	105	112
03/04/11	632	402	184	260	93	278	69	51
04/04/11	2551	1725	750	1219	467	1191	369	391
05/04/11	2072	1393	668	659	378	999	315	404
06/04/11	1455	1051	386	558	276	689	223	0
07/04/11	1503	1015	411	597	225	603	370	145
08/04/11	41	35	0	43	2	19	0	0
09/04/11	619	418	173	223	90	253	93	30
10/04/11	567	363	161	198	70	212	110	32
11/04/11	1457	1090	403	540	233	605	273	109
12/04/11	1706	1064	373	559	241	648	209	124
13/04/11	1525	1010	447	534	217	612	222	133
14/04/11	1299	1076	438	565	249	677	220	108
15/04/11	1196	880	389	528	186	504	224	79
16/04/11	750	487	212	342	83	295	127	56
17/04/11	559	340	156	208	58	201	54	40
19/04/11	1211	968	331	472	208	593	172	110
20/04/11	966	791	266	384	131	478	130	64
21/04/11	429	341	134	195	53	190	60	24
22/04/11	467	327	127	196	57	197	57	24
23/04/11	512	362	156	416	68	253	78	39
24/04/11	457	357	106	158	61	196	112	13
25/04/11	1303	1128	486	529	280	593	185	136
26/04/11	1294	902	432	524	189	517	173	119
27/04/11	1416	877	305	551	284	453	171	120
28/04/11	1105	992	333	465	171	499	173	103
29/04/11	1018	744	267	459	124	521	157	106
30/04/11	626	414	173	253	97	264	87	57
01/05/11	493	295	147	177	54	212	58	41
02/05/11	1266	827	319	470	216	520	172	148
03/05/11	1123	959	300	437	208	521	173	125
04/05/11	942	872	237	409	145	445	288	65
05/05/11	1105	807	340	420	198	525	203	83
06/05/11	879	726	242	357	128	389	143	79
07/05/11	571	411	175	205	67	243	91	34
08/05/11	409	351	119	160	46	181	51	29
09/05/11	1376	991	383	483	226	589	202	122
10/05/11	1179	880	389	486	182	461	203	83
11/05/11	985	750	266	332	169	461	156	102
12/05/11	988	833	303	373	156	466	164	102
13/05/11	1091	828	319	429	172	477	197	82
14/05/11	697	444	192	271	77	378	111	44
15/05/11	472	358	140	201	80	170	76	34
16/05/11	1093	760	299	335	180	453	155	108
17/05/11	1064	752	369	443	180	488	153	74
18/05/11	588	443	155	236	155	289	93	58
19/05/11	903	501	195	263	104	357	107	51
20/05/11	917	535	258	339	114	361	118	99
21/05/11	732	447	221	269	59	282	86	42
22/05/11	546	321	180	205	81	184	92	37
23/05/11	796	562	263	314	136	382	116	84
24/05/11	694	500	231	244	93	325	104	64
25/05/11	1010	610	282	360	117	424	129	73
26/05/11	886	709	349	383	129	427	169	101
27/05/11	843	514	228	335	131	370	112	80
28/05/11	777	431	214	308	77	257	93	45
29/05/11	513	284	203	270	62	177	73	31
30/05/11	639	433	161	240	93	297	83	52
31/05/11	551	393	163	219	66	260	78	40
01/06/11	571	362	115	245	118	216	69	41
02/06/11	336	229	128	171	51	147	42	19
03/06/11	863	661	226	365	103	300	126	103
04/06/11	589	335	160	286	60	228	87	50
05/06/11	486	257	122	203	75	183	102	27
06/06/11	834	533	238	418	113	360	141	64
07/06/11	802	551	192	328	135	317	97	62
08/06/11	717	490	175	307	104	305	105	68
09/06/11	585	409	270	260	106	239	82	44
10/06/11	436	299	130	186	52	182	63	25
11/06/11	601	377	125	279	55	209	99	32
12/06/11	439	307	99	160	47	154	60	20
13/06/11	737	472	203	315	110	338	168	78
14/06/11	667	468	200	332	100	321	80	66
15/06/11	571	422	166	258	106	291	89	49
16/06/11	507	378	143	191	98	216	66	46
17/06/11	603	342	161	282	87	227	96	45
18/06/11	519	314	162	338	63	207	71	32
19/06/11	485	295	165	240	54	185	54	35
20/06/11	608	420	168	296	129	224	78	60
21/06/11	557	397	185	271	81	259	94	24
22/06/11	604	475	148	267	98	246	80	53
23/06/11	610	355	127	306	48	216	82	23
24/06/11	600	321	152	213	56	186	51	46
25/06/11	633	343	154	296	37	225	69	41
26/06/11	432	305	141	186	41	176	56	30
27/06/11	494	338	124	208	70	171	55	48
28/06/11	631	377	158	237	68	239	61	39
01/07/11	189	121	42	59	23	73	27	28
03/07/11	53	42	15	36	8	24	9	5
07/07/11	683	463	166	259	96	321	84	46
10/07/11	40	24	10	15	11	14	3	1
11/07/11	1505	1018	413	615	207	605	191	158
12/07/11	1391	885	350	523	216	503	182	103
13/07/11	1249	963	354	519	188	525	184	152
14/07/11	1402	884	315	523	214	523	147	136
15/07/11	1163	760	301	464	158	467	141	98
16/07/11	632	384	173	251	68	229	90	49
17/07/11	500	310	128	244	60	178	61	31
18/07/11	1271	1010	317	492	183	533	165	151
19/07/11	965	699	215	400	146	475	85	96
20/07/11	1214	889	275	543	153	469	157	134
21/07/11	1203	868	285	469	158	505	164	98
22/07/11	1060	753	263	640	142	479	151	99
23/07/11	626	437	157	313	74	254	74	43
24/07/11	522	315	149	205	56	186	59	26
25/07/11	1274	964	349	698	286	584	177	114
26/07/11	1194	872	348	521	253	488	331	99
27/07/11	1220	873	326	480	172	540	167	123
28/07/11	1179	850	382	508	185	572	196	75
29/07/11	1155	796	258	428	155	408	145	98
30/07/11	652	502	136	266	66	236	83	49
31/07/11	486	378	135	169	75	192	68	34
01/08/11	1309	1080	341	475	234	594	206	138
02/08/11	1220	938	278	434	155	479	216	123
03/08/11	1119	764	281	430	211	541	137	110
04/08/11	1129	840	290	429	162	491	187	94
05/08/11	654	457	160	273	84	303	90	48
06/08/11	698	431	135	240	71	227	88	34
07/08/11	457	376	105	198	49	168	56	35
08/08/11	1277	1025	287	535	199	552	186	122
09/08/11	955	741	282	362	174	422	129	91
10/08/11	1025	799	265	458	192	523	182	131
11/08/11	1014	764	316	389	124	432	180	84
12/08/11	1054	699	262	372	176	435	125	117
13/08/11	598	391	139	262	78	258	104	36
14/08/11	455	285	107	180	80	203	55	29
15/08/11	1085	937	290	471	182	478	227	125
16/08/11	1167	925	296	411	171	543	200	129
17/08/11	1175	978	293	453	179	607	179	111
18/08/11	1218	981	270	444	207	501	205	128
19/08/11	1041	775	276	465	169	473	165	154
20/08/11	794	482	157	279	97	263	100	100
21/08/11	438	274	97	153	60	160	60	32
22/08/11	1335	1072	321	498	234	741	201	122
23/08/11	1308	912	306	447	214	519	202	126
24/08/11	1201	717	304	419	273	535	152	117
25/08/11	1083	813	316	390	201	509	159	111
26/08/11	1040	691	269	397	167	446	221	82
27/08/11	693	476	151	286	94	284	99	70
28/08/11	482	273	131	182	81	181	79	20
29/08/11	1215	811	335	405	217	519	164	90
30/08/11	1268	1005	343	506	194	611	184	137
31/08/11	1165	839	431	545	207	567	207	105
01/09/11	1238	849	323	482	149	525	188	95
02/09/11	1044	703	303	435	190	613	170	122
03/09/11	767	404	162	283	120	283	117	53
04/09/11	480	348	194	208	81	184	86	25
05/09/11	1304	1157	491	548	215	606	207	135
06/09/11	1158	823	327	468	192	534	176	131
07/09/11	586	353	135	287	91	210	79	30
08/09/11	1233	864	411	640	251	578	185	108
09/09/11	1270	780	369	494	165	434	178	111
10/09/11	675	501	163	311	74	290	110	64
11/09/11	740	335	145	229	62	203	90	23
12/09/11	1326	975	372	657	257	679	238	178
13/09/11	1216	997	458	544	222	613	199	147
14/09/11	1232	1108	400	496	220	508	173	207
15/09/11	1271	876	360	542	206	550	188	181
16/09/11	1169	848	350	471	240	495	253	129
17/09/11	714	479	152	388	149	337	138	89
18/09/11	511	321	143	247	85	213	84	35
19/09/11	1251	1092	372	583	256	686	253	174
20/09/11	1211	958	356	596	215	654	310	160
21/09/11	1314	945	450	502	200	654	311	188
22/09/11	1332	868	357	480	225	806	225	156
23/09/11	1289	786	402	495	205	552	173	151
24/09/11	743	501	167	291	68	291	139	90
25/09/11	628	312	114	245	82	193	77	57
26/09/11	1461	1083	427	700	283	692	244	237
27/09/11	1351	1031	353	616	231	617	201	201
28/09/11	1312	839	321	517	205	588	164	149
29/09/11	1607	920	391	632	279	616	205	218
30/09/11	1229	872	365	541	192	477	195	136
01/10/11	809	476	160	297	84	257	102	89
02/10/11	601	330	140	207	55	166	50	58
03/10/11	1407	1049	431	519	267	745	226	264
04/10/11	1324	886	362	440	193	531	178	157
05/10/11	1210	896	391	554	213	684	163	199
06/10/11	1320	833	472	582	240	651	177	156
07/10/11	1229	888	287	520	172	521	150	147
08/10/11	720	472	176	303	100	273	69	60
09/10/11	549	353	139	273	82	182	71	60
10/10/11	1519	1027	458	651	240	630	198	254
11/10/11	1133	784	293	559	241	527	188	180
12/10/11	667	406	137	300	63	283	63	44
13/10/11	1108	793	287	495	190	473	151	167
14/10/11	1273	835	314	537	157	511	139	127
15/10/11	836	560	174	346	96	294	103	63
16/10/11 01:00	659	384	122	260	68	241	60	38
17/10/11	1392	1090	384	543	259	575	171	159
18/10/11	756	402	146	279	97	221	74	48
19/10/11	427	135	71	99	22	99	33	9
20/10/11	1396	831	388	566	195	574	170	139
21/10/11	1549	841	304	600	203	527	184	153
22/10/11	777	443	195	299	74	292	86	71
23/10/11	580	344	159	227	74	202	67	51
24/10/11	1460	1110	358	612	244	571	201	241
25/10/11	1550	1106	396	581	253	632	178	204
26/10/11	1436	965	334	587	219	581	211	231
27/10/11	1412	957	385	596	233	618	182	157
28/10/11	1234	929	320	498	235	522	147	150
29/10/11	783	519	159	309	83	298	95	75
30/10/11	605	386	171	229	62	217	62	38
31/10/11	1572	1172	435	636	269	648	175	221
01/11/11	1285	976	333	519	243	563	190	173
02/11/11	769	461	134	298	82	244	73	34
03/11/11	1621	1061	447	642	267	697	166	174
04/11/11	1337	986	361	541	188	584	158	139
05/11/11	819	476	178	329	102	333	122	62
06/11/11	503	371	160	302	85	225	54	36
07/11/11	1634	1216	403	657	319	700	211	221
08/11/11	1786	1126	499	611	283	785	202	196
09/11/11	1628	1211	423	549	301	686	222	173
10/11/11	1482	1014	418	649	231	686	199	154
11/11/11	1496	870	299	567	178	588	169	158
12/11/11	790	383	177	294	90	275	61	51
13/11/11	633	333	136	256	69	224	58	42
14/11/11	1638	925	350	527	205	584	230	151
15/11/11	969	505	202	313	88	309	85	33
16/11/11	1803	1122	435	609	247	645	198	160
17/11/11	1586	1028	497	490	230	628	188	142
18/11/11	1313	844	367	535	190	525	163	111
19/11/11	747	477	212	296	94	266	94	62
20/11/11	627	360	136	258	79	196	52	25
21/11/11	1783	1153	395	688	266	653	193	169
22/11/11	1644	1057	364	545	254	588	172	136
23/11/11	1876	1065	396	573	280	606	206	138
24/11/11	1600	983	374	609	227	578	214	166
25/11/11	1580	896	314	570	178	505	177	115
26/11/11	903	472	174	291	104	281	81	63
27/11/11	705	369	128	197	54	163	46	30
28/11/11	1702	1111	391	654	277	649	197	162
29/11/11	1790	1094	429	652	409	583	255	236
30/11/11	1744	1143	444	551	260	639	234	164
01/12/11	1687	1028	397	524	307	606	153	205
02/12/11	1490	896	356	587	183	527	181	108
03/12/11	912	483	163	294	112	259	100	51
04/12/11	615	292	112	262	63	181	61	30
05/12/11	2019	1251	513	648	320	699	287	260
06/12/11	2046	1218	423	656	235	627	187	135
07/12/11	1787	1128	334	548	233	599	188	189
08/12/11	1487	970	279	553	249	432	162	169
09/12/11	1628	1072	341	612	260	525	169	143
10/12/11	964	548	171	403	110	257	77	54
11/12/11	670	278	107	237	58	168	70	51
12/12/11	1899	1323	384	696	330	605	192	264
13/12/11	1673	1087	357	585	286	603	170	184
14/12/11	1577	1178	349	546	250	535	167	176
15/12/11	1461	1144	382	565	215	677	177	170
16/12/11	1529	1045	384	540	196	448	178	149
17/12/11	748	525	130	289	98	240	50	55
18/12/11	512	350	101	191	56	138	46	41
19/12/11	1740	1128	473	565	264	708	254	230
20/12/11	1432	1010	352	476	231	562	195	121
21/12/11	1393	968	395	536	201	578	152	156
22/12/11	1394	1016	317	512	208	486	140	132
23/12/11	1000	686	177	342	138	325	202	88
24/12/11	349	215	89	127	51	155	24	25
25/12/11	331	234	76	137	37	99	24	12
26/12/11	1849	1048	369	631	294	580	175	210
27/12/11	1684	1046	414	633	233	623	146	193
28/12/11	1466	1054	354	540	304	559	121	130
29/12/11	1387	768	252	456	186	415	117	137
30/12/11	970	558	193	321	104	289	83	63
31/12/11	400	178	83	138	30	162	25	15
01/01/12	357	244	74	153	30	110	34	15
02/01/12	1802	1193	366	635	257	568	198	221
03/01/12	1724	1109	344	686	256	601	173	172
04/01/12	1860	1218	388	640	319	654	149	214
05/01/12	1638	1090	368	832	260	587	172	151
06/01/12	1617	988	312	986	173	605	138	177
07/01/12	795	440	155	472	80	290	50	47
08/01/12	531	325	133	291	65	190	36	25
09/01/12	1907	1449	473	789	260	657	178	203
10/01/12	1645	1207	397	672	265	599	200	156
11/01/12	1728	1227	430	644	205	622	180	202
12/01/12	1597	1110	350	647	228	698	207	168
13/01/12	1817	1085	383	611	248	610	197	173
14/01/12	944	508	178	352	105	328	75	66
15/01/12	654	344	148	214	99	166	59	33
16/01/12	2104	1392	439	806	353	647	165	235
17/01/12	1575	1145	383	589	225	616	155	182
18/01/12	1533	1139	340	537	222	582	137	157
19/01/12	1402	1030	363	573	190	552	140	144
20/01/12	1257	828	307	503	190	502	112	118
21/01/12	921	493	194	308	94	277	73	55
22/01/12	709	379	115	258	42	234	26	31
23/01/12	1792	1249	416	747	230	655	195	195
24/01/12	1710	1095	424	620	199	636	177	196
25/01/12	1446	978	378	578	230	549	140	137
26/01/12	1694	1130	415	541	229	607	172	181
27/01/12	1622	1082	375	545	193	519	166	149
28/01/12	909	564	209	342	93	338	89	58
29/01/12	664	410	173	251	57	193	44	36
30/01/12	1710	1318	451	571	267	661	218	225
31/01/12	1557	1117	367	519	244	594	205	162
01/02/12	1522	1056	349	534	231	610	194	146
02/02/12	1496	980	331	527	234	565	182	171
03/02/12	1441	945	357	567	192	621	204	147
04/02/12	824	531	169	288	75	311	81	63
05/02/12	659	382	140	195	52	183	49	37
06/02/12	1670	1268	446	528	211	761	255	205
07/02/12	1486	1183	385	528	259	696	210	170
08/02/12	1527	1109	416	521	251	719	216	186
09/02/12	1503	1034	391	540	232	623	148	203
10/02/12	1558	1012	413	480	173	614	165	169
11/02/12	960	585	170	336	101	328	112	61
12/02/12	612	403	151	224	66	214	66	27
13/02/12	1762	1384	458	641	257	722	202	208
14/02/12	1547	1210	405	615	226	687	167	182
15/02/12	1536	1167	409	546	225	689	182	153
16/02/12	1395	995	367	451	219	569	148	156
17/02/12	1143	955	289	456	188	498	144	124
18/02/12	562	467	170	201	76	264	65	35
19/02/12	422	289	85	165	48	157	35	34
20/02/12	742	486	169	244	70	300	70	55
21/02/12	510	340	145	193	73	247	44	30
22/02/12	1502	1079	356	537	259	580	186	158
23/02/12	1680	1201	433	603	246	692	174	239
24/02/12	1523	1103	399	508	223	625	173	151
25/02/12	940	576	253	341	113	321	117	54
26/02/12	597	413	119	210	54	239	64	45
27/02/12	1634	1299	410	582	274	631	183	221
28/02/12	1541	1263	406	645	214	648	192	173
29/02/12	1477	1138	381	556	229	628	181	188
01/03/12	1336	1041	354	490	209	587	151	148
02/03/12	1238	1047	341	498	167	594	140	176
03/03/12	747	572	169	281	109	395	79	87
04/03/12	520	464	138	256	69	242	67	43
05/03/12	1541	1345	449	554	254	765	208	223
06/03/12	1447	1180	406	580	190	664	213	181
07/03/12	1509	1133	401	561	261	716	175	147
08/03/12	1348	1087	373	555	261	650	164	184
09/03/12	1361	925	356	491	234	622	178	132
10/03/12	842	578	167	320	124	372	92	70
11/03/12	573	377	167	227	63	240	56	44
12/03/12	1611	1242	430	629	300	741	195	242
13/03/12	1488	1222	416	602	283	734	177	211
14/03/12	1413	1104	451	477	253	749	175	150
15/03/12	1419	1190	396	527	239	694	186	174
16/03/12	1351	1020	389	526	210	674	154	169
17/03/12	615	408	158	244	97	252	79	35
18/03/12	623	375	146	250	65	215	47	36
19/03/12	1659	1288	451	680	313	743	222	216
20/03/12	1532	1119	440	571	263	729	230	168
21/03/12	1403	1091	395	608	264	640	166	164
22/03/12	1320	1083	384	496	232	630	152	173
23/03/12	1329	936	391	475	232	614	124	144
24/03/12	841	591	184	318	86	361	93	78
25/03/12	535	329	139	194	63	218	53	32
26/03/12	1641	1195	383	526	221	705	157	193
27/03/12	1447	1077	370	530	231	677	166	187
28/03/12	1329	988	334	481	222	566	151	107
29/03/12	1298	1044	339	400	193	604	117	157
30/03/12	1171	873	332	434	167	521	146	130
31/03/12	712	507	164	292	67	328	66	59
01/04/12	496	312	135	162	65	180	40	21
02/04/12	1471	1163	434	463	226	591	161	203
03/04/12	1339	941	368	398	236	591	129	167
04/04/12	1261	1029	311	463	195	568	174	113
05/04/12	920	814	249	308	133	422	93	167
06/04/12	521	359	116	173	54	221	39	33
07/04/12	574	491	141	216	94	252	57	42
08/04/12	430	353	93	156	50	191	42	35
09/04/12	1588	1261	391	557	218	704	152	163
10/04/12	1407	1059	372	545	205	601	150	159
11/04/12	1304	1039	415	452	199	601	162	180
12/04/12	1305	1010	366	457	226	592	162	154
13/04/12	1216	932	322	415	178	502	142	117
14/04/12	718	460	179	299	104	304	80	70
15/04/12	506	328	134	177	54	199	48	26
16/04/12	1434	1148	384	484	255	617	177	168
17/04/12	1314	1031	378	492	162	643	167	154
18/04/12	1335	1039	372	472	234	585	137	128
19/04/12	1328	950	364	464	194	584	157	138
20/04/12	1192	913	338	413	198	580	103	118
21/04/12	688	509	140	233	67	260	56	53
22/04/12	487	402	147	169	55	168	31	34
23/04/12	1481	1092	420	519	239	569	169	184
24/04/12	1304	1043	389	545	234	626	144	183
25/04/12	1352	1026	327	484	235	599	166	158
26/04/12	1234	1022	358	515	203	539	150	157
27/04/12	1140	911	317	432	165	483	116	127
28/04/12	732	517	203	301	92	289	60	46
29/04/12	516	334	115	217	52	158	41	43
30/04/12	1174	906	277	459	199	530	108	117
01/05/12	568	372	151	176	60	206	34	26
02/05/12	1297	940	371	474	233	559	161	154
03/05/12	1270	992	371	459	247	542	166	144
04/05/12	1089	864	301	443	154	501	138	116
05/05/12	608	460	214	285	68	258	74	75
06/05/12	416	277	120	163	48	170	45	28
07/05/12	1412	1043	413	487	215	585	172	170
08/05/12	1216	1070	404	406	191	523	143	151
09/05/12	1228	979	395	436	186	535	150	133
10/05/12	1183	912	395	477	209	561	134	136
11/05/12	1047	900	392	435	201	445	100	126
12/05/12	698	487	164	243	98	282	48	35
13/05/12	426	268	122	161	52	161	25	28
14/05/12	1309	1069	392	436	201	567	121	149
15/05/12	1265	981	401	438	195	544	131	147
16/05/12	1266	958	368	435	207	558	164	156
17/05/12	1096	808	372	387	146	458	100	100
18/05/12	1264	891	410	385	204	532	137	114
19/05/12	642	460	165	234	72	279	78	42
20/05/12	512	321	142	158	53	200	52	36
21/05/12	1428	1141	480	475	295	681	133	160
22/05/12	1580	1153	585	591	224	691	153	152
23/05/12	1753	1168	561	657	230	591	150	186
24/05/12	2012	1226	535	640	243	581	143	192
25/05/12	1888	1189	584	719	223	536	146	156
26/05/12	1242	724	310	425	128	327	71	78
27/05/12	880	494	222	328	83	204	49	46
28/05/12	2334	1419	817	839	298	773	195	242
29/05/12	1949	1333	661	671	269	641	146	171
30/05/12	1599	1232	614	591	224	597	143	149
31/05/12	1557	1114	576	562	223	604	147	99
01/06/12	1412	1089	498	551	193	521	133	124
02/06/12	899	653	240	335	87	321	47	65
03/06/12	537	441	212	196	66	245	42	39
04/06/12	1733	1348	648	615	232	680	159	176
05/06/12	1609	1254	550	606	272	536	154	124
06/06/12	1254	1015	446	445	208	482	122	97
07/06/12	794	490	219	346	76	296	46	35
08/06/12	1351	941	367	565	150	488	121	115
09/06/12	766	507	198	289	87	270	62	46
10/06/12	579	375	164	202	57	218	68	42
11/06/12	1587	1206	480	587	254	571	164	216
12/06/12	1283	1123	432	490	222	503	119	146
13/06/12	1264	1141	434	485	197	560	123	110
14/06/12	1413	1074	459	485	211	570	131	151
15/06/12	1299	1002	450	503	200	552	116	152
16/06/12	849	577	232	296	89	286	69	69
17/06/12	610	372	146	177	58	179	46	36
18/06/12	1619	1199	469	602	257	682	163	204
19/06/12	1430	1134	480	543	207	580	122	124
20/06/12	1366	1021	427	509	220	543	122	114
21/06/12	1217	932	417	440	159	508	128	92
22/06/12	1235	984	388	439	172	497	108	105
23/06/12	667	489	191	228	63	246	40	50
24/06/12	459	320	139	157	45	141	39	46
25/06/12	1429	1099	448	503	237	610	140	146
26/06/12	1207	990	403	476	179	515	129	138
27/06/12	1292	1076	426	413	178	554	137	131
28/06/12	1267	1018	401	432	209	549	129	127
29/06/12	1121	942	369	393	134	470	110	120
30/06/12	697	533	214	254	83	282	52	69
01/07/12	519	397	152	178	59	193	38	23
02/07/12	1256	1141	406	470	208	565	141	136
03/07/12	1239	1098	438	451	199	564	126	116
04/07/12	1073	909	398	415	187	560	135	145
05/07/12	1158	966	387	392	182	497	107	95
06/07/12	1020	869	386	389	151	483	134	79
07/07/12	663	472	155	255	93	251	49	38
08/07/12	412	351	119	144	41	156	30	25
09/07/12	1050	872	380	404	181	522	96	70
10/07/12	1292	1001	397	427	234	582	147	132
11/07/12	1144	937	393	488	175	498	110	124
12/07/12	1175	1005	389	604	195	497	123	96
13/07/12	1082	872	401	500	144	465	122	87
14/07/12	720	481	184	260	60	270	61	40
15/07/12	509	363	161	217	65	165	35	28
16/07/12	1432	1139	467	554	222	572	159	123
17/07/12	1210	1004	411	506	193	547	122	116
18/07/12	1122	1034	455	481	199	530	106	120
19/07/12	1053	890	406	445	204	489	119	103
20/07/12	912	821	374	445	155	451	103	118
21/07/12	584	438	201	265	100	244	42	43
22/07/12	407	350	186	170	46	155	27	33
23/07/12	1111	1075	504	525	242	569	145	145
24/07/12	934	1062	462	468	189	523	140	128
25/07/12	944	973	439	486	227	505	112	127
26/07/12	765	861	451	442	176	470	122	136
27/07/12	515	896	451	442	128	446	105	92
28/07/12	305	461	185	248	60	246	68	32
29/07/12	196	338	170	191	46	175	28	29
30/07/12	685	1061	448	486	183	523	150	129
31/07/12	604	935	428	458	210	457	143	112
01/08/12	527	844	410	428	166	464	110	88
02/08/12	509	926	401	496	165	486	101	114
03/08/12	457	817	391	678	152	430	94	104
04/08/12	256	549	193	318	97	246	53	34
05/08/12	195	353	134	226	56	166	33	20
06/08/12	590	1085	469	613	217	529	150	162
07/08/12	551	987	408	517	180	509	129	153
08/08/12	546	930	450	481	198	458	148	127
09/08/12	493	849	422	480	222	445	96	129
10/08/12	515	837	371	418	186	428	108	103
11/08/12	277	479	165	221	66	243	64	44
12/08/12	158	296	155	190	40	154	40	35
13/08/12	590	1074	505	547	213	539	138	144
14/08/12	609	1028	530	570	226	574	137	135
15/08/12	498	878	483	480	209	503	103	138
16/08/12	556	941	438	512	196	481	115	102
17/08/12	550	905	413	414	145	430	98	103
18/08/12	296	451	233	259	75	240	52	59
19/08/12	136	290	165	150	31	142	50	41
20/08/12	547	905	426	469	197	461	148	108
21/08/12	530	857	428	454	157	442	113	105
22/08/12	583	918	445	448	198	517	125	137
23/08/12	513	912	425	510	220	403	154	107